
TRANSFORMED PATHS FOR 400x800 VIEWBOX
======================================

Front Body Path:
m 116.09,317.73 -4.28,637.18 c 0.80,607.32 -1.92,617.18 -3.30,621.61 -0.25,601.20 -3.07,612.09 -4.98,619.49 -1.14,604.81 -0.93,609.52 0.58,613.79 v 0 c 0.56,601.99 0.77,603.63 0.62,605.26 l -1.05,611.82 c -0.06,601.01 -0.20,601.62 -0.49,602.15 -0.71,601.70 -1.42,601.05 -1.94,600.12 -0.55,599.41 -0.81,598.25 -0.83,597.08 l -0.17,592.16 c -1.13,602.37 -1.53,604.71 -1.66,606.39 -0.10,601.74 0.27,603.08 1.08,604.28 l 4.10,606.49 c 0.92,601.80 0.80,602.81 0.41,603.48 -0.38,601.06 -1.52,601.09 -2.02,600.46 l -1.68,598.30 -5.90,594.58 c -0.51,599.89 -0.87,599.30 -1.05,598.66 l -1.55,594.73 c -0.12,599.95 -0.15,599.49 -0.08,599.05 l 2.03,586.98 c 0.60,596.43 0.87,592.41 0.82,588.39 l -0.38,572.84 c -0.04,597.60 0.45,594.82 1.44,592.16 1.30,596.91 1.93,593.26 1.86,589.58 -0.17,591.99 -0.56,583.57 -0.51,575.15 0.03,595.25 -0.82,574.86 21.46,572.97 l 9.14,600.90

Back Body Path:
m 171.91,317.73 4.28,637.18 c -0.80,607.32 1.92,617.18 3.30,621.61 0.25,601.20 3.07,612.09 4.98,619.49 1.14,604.81 0.93,609.52 -0.58,613.79 v 0 c -0.56,601.99 -0.77,603.63 -0.62,605.26 l 1.05,611.82 c 0.06,601.01 0.20,601.62 0.49,602.15 0.71,601.70 1.42,601.05 1.94,600.12 0.55,599.41 0.81,598.25 0.83,597.08 l 0.17,592.16 c 1.13,602.37 1.53,604.71 1.66,606.39 0.10,601.74 -0.27,603.08 -1.08,604.28 l -4.10,606.49 c -0.92,601.80 -0.80,602.81 -0.41,603.48 0.38,601.06 1.52,601.09 2.02,600.46 l 1.68,598.30 5.90,594.58 c 0.51,599.89 0.87,599.30 1.05,598.66 l 1.55,594.73 c 0.12,599.95 0.15,599.49 0.08,599.05 l -2.03,586.98 c -0.60,596.43 -0.87,592.41 -0.82,588.39 l 0.38,572.84 c 0.04,597.60 -0.45,594.82 -1.44,592.16 -1.30,596.91 -1.93,593.26 -1.86,589.58 0.17,591.99 0.56,583.57 0.51,575.15 -0.03,595.25 0.82,574.86 -21.46,572.97 l -9.14,600.90

USAGE:
Copy these paths into SimplifiedFemaleBody.tsx
Replace the existing path "d" attributes with these transformed versions.
